0.491483
0.523418
0.411850
0.494873
0.400927
0.429654
0.547620
0.490266
0.678551
0.655695
0.983137
1.173587
0.799134
0.542354
0.574855
0.688431
0.639608
0.626411
0.715933
0.874944
0.753637
0.409118
0.437357
0.645815
0.760282
0.495344
0.515936
0.709570
0.791058
0.712192
0.702184
0.643972
0.576401
0.615792
0.596468
0.524535
0.481713
0.717091
0.493452
0.601161
0.579694
0.869773
1.061798
0.717532
0.489911
0.509358
0.373644
0.675440
0.679879
0.556227
0.667007
0.449070
0.565475
0.545254
0.709070
0.685879
0.515387
0.520260
0.499623
0.646415
0.479294
0.414501
0.508909
0.788218
0.538142
0.533350
0.533774
0.624423
0.597855
0.633455
0.257807
0.214505
0.316366
0.283972
0.332982
0.396891
0.351259
0.351064
0.325623
0.579545
0.454980
0.557340
0.396634
0.444262
0.389921
0.288180
0.264290
0.593148
0.477128
0.357246
0.352429
0.386945
0.465729
0.559150
0.223805
0.308799
0.303195
0.672996
0.568223
0.312380
0.325596
0.318021
0.304495
0.328939
0.301202
0.678903
0.690864
0.322106
0.286042
0.276749
0.323075
0.362880
0.328809
0.362259
0.378315
0.354025
0.372971
0.345343
0.307069
0.308788
0.336871
0.287154
0.279966
0.254043
0.246325
0.293575
0.310326
0.325435
0.261742
0.345210
0.343809
0.351533
0.381583
0.349066
0.336899
0.334645
0.339579
0.391046
0.356912
0.650523
0.591796
0.296810
0.330264
0.343459
0.675003
0.491903
1.016691
1.144016
1.203420
1.163264
0.774138
0.979044
0.935592
0.788398
0.926654
1.257055
0.997954
0.797195
0.957165
1.116592
1.028398
0.998100
0.811969
0.994167
0.877387
0.922193
0.970991
1.259481
1.030936
0.984201
0.899070
0.982899
1.190993
0.812972
0.828183
0.702584
1.246507
1.036255
0.962036
1.162535
1.080806
0.934130
0.830743
0.702673
0.744657
0.719851
0.993057
1.113599
1.039704
0.869020
1.229823
1.238588
0.965830
0.604338
0.821926
0.859762
1.017384
0.915100
1.097842
1.164008
1.321635
1.070105
1.090510
0.824960
0.908511
1.044628
0.913676
0.880767
1.092584
0.801100
1.170136
1.067732
1.011553
0.832395
1.098868
1.097480
0.932611
0.992170
1.221851
1.265968
0.593028
0.396789
0.417021
0.370985
0.390455
0.445544
0.434789
0.409078
0.451781
0.341703
0.386141
0.310697
0.373363
0.482780
0.446986
0.520828
0.472301
0.484259
0.357433
0.367449
0.246427
0.405433
0.420317
0.615298
0.524594
0.564656
0.537147
0.428349
0.364495
0.459095
0.416998
0.476732
0.361907
0.370924
0.489802
0.350900
0.489674
0.329307
0.260274
0.394688
0.443410
0.526805
0.548448
0.541685
0.464518
0.573994
0.525631
0.430815
0.453962
0.430558
0.311236
0.293164
0.278742
0.347598
0.368064
0.244626
0.311046
0.466796
0.384436
0.385842
0.428308
0.543468
0.429905
