0.43096357678365826
0.5001892380887455
0.7041502271686966
0.4460577349438551
0.35500915448767906
0.4246474677972977
0.4901339369532458
0.4246474677972977
0.5168947606219346
0.4339295442846698
0.42593895963878947
0.48749807385800764
0.3656836484659232
0.35500915448767917
0.7917132057174058
0.7839059276418839
0.4950811663913198
0.4455429993322444
0.444055781508813
0.3798471022168985
0.42464746779729773
0.4758881185057786
0.44795815418768453
0.35500915448767906
0.4339295442846698
0.5433713402128153
0.5219827674926393
0.4783465875336391
0.5095444341593061
0.46587402007703743
0.5271192844314584
0.4246474677972977
0.48601946654336425
0.46287800105029764
0.5230827674926393
0.4535681642163899
0.3584289191935616
0.444055781508813
0.46050384868292626
0.49544100469508257
0.35430091919356144
0.7254199600293941
0.4971785036486863
0.5039159444658399
0.3550091544876791
0.5181992070829147
0.4991849899599037
0.47566191497975396
0.43509329049941053
0.4865855476244452
0.5271192844314584
0.45240719726532486
0.42593895963878947
0.5271192844314584
0.3531107373753797
0.49073848580547186
0.44695339228292263
0.6833638060472025
0.3550091544876791
0.4959033826272804
0.43096357678365826
0.4779767157387673
0.444055781508813
0.43922900478512483
0.3550091544876791
0.479186914979754
0.49073848580547186
0.464650928409154
0.46403664269486833
0.45295863037816075
0.48749807385800764
0.5271192844314584
0.5061522326242647
0.4758881185057786
0.43654329049941054
0.5181992070829147
0.43096357678365826
0.4758881185057786
0.6139905031379017
0.479186914979754
0.46465092840915395
0.38369571203844965
0.5075557244014434
0.5181992070829147
0.43096357678365826
0.4758881185057786
0.4496648378554521
0.5788937309930153
0.4246474677972977
0.44310228735139046
0.7284220924602677
0.7876452086806442
0.7182116266960609
0.37984710221689844
0.4920378101297962
0.4736283057913233
0.4703375149158677
0.49013393695324586
0.49073848580547186
0.5224615250019363
0.3550091544876791
0.5292291315315182
0.4936213607915435
0.49073848580547186
0.47933645183911205
0.5509080134484508
0.49073848580547186
0.5039159444658399
0.5057353432502151
0.4758881185057786
0.4938892380887455
0.5509080134484508
0.4365904901747352
0.4246474677972977
0.4920378101297962
0.5181992070829147
0.3530307373753797
0.49590338262728034
0.6677877321822371
0.5168947606219346
0.45610096975194236
0.4521766614706361
0.4887333775449666
0.47566191497975396
0.5039159444658399
0.475661914979754
0.49708356138847515
0.4246474677972976
0.37984710221689844
0.45356816421638985
0.37984710221689844
0.5039159444658399
0.47168914424942876
0.5219827674926393
0.44966483785545214
0.514424434159306
0.4535681642163899
0.47588811850577856
0.45325441948754713
0.4250359293357592
0.3531107373753797
0.4353545442846698
0.4809063003239605
0.4920378101297962
0.43654329049941054
0.4793364518391121
0.4250359293357591
0.47566191497975396
0.47933645183911205
0.4901339369532458
0.43096357678365826
0.5271192844314584
0.8053243463092702
0.890020962057146
0.891320962057146
0.7046077643408485
0.6944238311567429
0.7973974496356149
0.49327254997659487
0.7917132057174058
0.937755244499095
0.9638614285366387
0.9625614285366387
0.8996944484180114
0.5271192844314584
0.4000145618907448
0.45632218187315454
0.7548460630764976
0.9083006387193542
0.9625614285366386
0.5006875945577772
0.7862337106662614
0.7794056789406085
0.45648142337539815
0.3552556950346796
0.3559585155474999
0.3559585155474999
0.3559585155474999
0.7876452086806442
0.6125575329263093
0.42759685437563155
0.8025309907970382
0.890020962057146
0.7882372249890743
0.47566191497975396
0.45217666147063607
0.4246474677972977
0.3531107373753797
0.3559585155474999
0.6955948700258396
0.9627614285366388
0.9223119682852409
0.3559585155474999
0.3531107373753796
0.35430091919356144
0.4783465875336391
0.9469658179640875
0.8928959620571459
0.8958147331924694
0.5217023745037291
0.35595851554749997
0.35564569503467947
0.5823396851322791
0.7989650824681062
0.930513267316275
0.8968985140745767
0.4676922018952193
0.43096357678365826
0.887537334704245
0.4520314414380685
0.3559585155474999
0.3559585155474999
0.7184416929122769
0.9083006387193542
0.7989650824681062
0.8149343235167819
0.9386135778324284
0.9494433124140821
0.7875546342888343
0.8022798127540667
0.7514460630764975
0.8820373270920288
0.7237667733113315
0.36057949636802106
0.5057353432502151
0.4938892380887455
0.4736283057913233
0.4496648378554521
0.5219827674926393
0.4907384858054719
0.4515572150185188
0.4309635767836582
0.4535681642163899
0.5128459466236656
0.4783465875336391
0.3550091544876791
0.5230827674926393
0.7862337106662614
0.7853541669729225
0.3600602655987904
0.4959033826272804
0.4790430790882018
0.44123061837986344
0.5230827674926393
0.43096357678365826
0.46460557282085724
0.3559585155474999
0.718211626696061
0.4469533922829227
0.51475304223858
0.4535681642163899
0.44695339228292263
0.5057353432502151
0.5318185876556566
0.4779767157387673
0.45167890259885896
0.544353046516532
0.516053975039259
0.38638362978426644
0.5165373489328419
0.4774795000778819
0.5503747095457656
0.3790875197138428
0.40002449691609065
0.8325692446240913
0.509052139566696
0.48302444102778347
0.46151681628677
0.5074686695524737
0.5173487467881404
0.5447890118858184
0.5091746959416388
0.5491640236783122
0.4769265281563101
0.5621085691662165
0.4748149283880931
0.46514992229499164
0.46654651050753954
0.48727728457709946
0.4714015105041164
0.5156464601393737
0.5185846135470554
0.45412337755563553
0.546127112499953
0.3885863418715999
0.5178170789671375
0.38235675345177655
0.45464415334641883
0.4715879872015831
0.4820279678088232
0.4900025301930859
0.4777413200032119
0.4552879326163974
0.5240421211259033
0.49711025797196357
0.5129231124695064
0.5681205382145819
0.4286867760651429
0.5476710747470315
0.48554248713023745
0.5258538534977099
0.5417089472321659
0.4562064807187689
0.4541823949888136
0.5755975517141123
0.5487550325143882
0.48609506100132804
0.48753535584104557
0.47064566873218383
0.5561528429733527
0.5249526538476716
0.38288829486508347
0.46622406979057196
0.8267728005541553
0.8301077112087112
0.45176707906043045
0.45395728191342827
0.49219100553602
0.4522523819594408
0.5156584798335404
0.5269812925439131
0.4575248671062573
0.3839255463243297
0.6470423171453334
0.5166318669116936
0.6407059386726325
0.4527111161613623
0.45750508798438416
0.5161501919484184
0.5162725690713443
0.5287811387655819
0.48981215989606663
0.528872298072339
0.5745023187836857
0.4668744809393656
0.4938250918244369
0.4915799000880827
0.5245757522486033
0.4639912602865666
0.39512025245658045
0.6906548598636146
0.5990909986401103
0.5144637171800349
0.386354376124783
0.5292729792551698
0.5031903988144135
0.52613056058131
0.4857667434624522
0.5314675294014932
0.5553817706453735
0.4548623730009191
0.5257884935956034
0.45596959816770577
0.4645140301456786
0.45511411969100696
0.5314139682434693
0.5289169272523462
0.553855594848971
0.5267097528296537
0.4560980124849623
0.48212780620459583
0.47681386838499074
0.3886910072367738
0.45720838772051786
0.4559723352373086
0.5545674394506485
0.4583765756475984
0.5191293502206854
0.5160413896258182
0.5665414136462592
0.46581755526593577
0.5823166629403579
0.5216990827624487
0.4097115272546429
0.5217795396030124
0.49551652728678697
0.5783949507389321
0.6589990500731184
0.4665691235350954
0.4677849865238074
0.49044317770376467
0.6142793635576149
0.5067585193107094
0.48845272638114423
0.5389110528586687
0.5355168538677432
0.6078192179738204
0.46851875571814255
0.39933551142176416
0.8141167101394391
0.852859288464494
0.6084949425699069
0.41070228073529214
0.4994110389637837
0.4680722600734146
0.5042264438753381
0.5523142975702114
0.4594177922019936
0.41118570551775735
0.49043773048909844
0.5804843106023949
0.5998904833984269
0.5359076649986096
0.5297769134773329
0.4617352388855678
0.616684636361934
0.4663015069600407
0.5442209949471413
0.5595729419525874
0.5278113188913136
0.46745523779968934
0.4037705051468091
0.5265530301618582
0.4677677032741594
0.5381057297184699
0.39356579948741066
0.5491147384764248
0.7992031957380084
0.46978873551200606
0.39253876653418496
0.46600264568328686
0.5275312643805323
0.5800250109276099
0.5605374268060185
0.5397850607375743
0.5376041950851409
0.4027993342601577
0.5326521144840209
0.5888648197965038
0.39641683814329776
0.4658397698553438
0.4668775635934321
0.5434830218593295
0.5057887596530272
0.5468882409348744
0.5076378308086681
0.5255528722142134
0.46131218906422866
0.41093713795502806
0.39432589091735193
0.5858086978271941
0.4927637200184193
0.4950733705322761
0.4766269337458364
0.5063387436121299
0.5300191584947188
0.4645444153192404
0.6236519031286767
0.540915142229293
0.5021827221594444
0.4633529889355031
0.8351579527477524
0.8081992385353429
0.9515832531021768
0.852483940436392
0.9222198918618878
0.40177601499476256
0.5798425044296668
0.8638559366291209
0.982583378859891
0.9762490952388725
0.9854967618061475
0.8644779178486763
0.5288692121597263
0.39655979639631056
0.40670290259222636
0.920310414810892
0.9606404466394377
0.9781513690298009
0.5503457820300841
0.9325887887243351
0.8519744837742176
0.42010902132363126
0.42023942323088304
0.3963361911181796
0.39429053956205035
0.39332637398993564
0.9208618728582143
0.6337123122916348
0.41749909422817383
0.8078555244420083
0.9420424698543203
0.852682776397885
0.5124556484916717
0.45968661543498324
0.4671057031256449
0.3973562587115441
0.3974412643443245
0.9200957344826266
0.9784598919968159
0.8391318520639846
0.397781286875446
0.49436077555994334
0.42284746137591767
0.7973356354848744
0.9609019141068444
0.9000833477374356
0.9426974242632524
0.39614271719300553
0.396223246655221
0.48391236075231725
0.7898545906511923
0.9255493925923528
0.9486310261872481
0.7976661464124917
0.49722495423860924
0.5621148655675587
0.9143607251106516
0.39922638263271243
0.39931138826549284
0.3993963938982732
0.8539323846604048
0.9142594955924672
0.8493324553432549
0.8472024856253375
0.9212354178409252
0.9871949158562047
0.8739700358573661
0.8599455608406795
0.943597986575534
0.9304915378137087
0.4873576199902195
0.5983800770585568
0.5502054965501939
0.5716290141562668
0.4143091014128796
0.4991762406807312
0.6111989781846272
0.505600545895637
0.4768382033736295
0.5442775078337901
0.5385869126136555
0.6421543674973235
0.41169619377794886
0.4138814707992615
0.8163785636045202
0.8576852818046111
0.6788628642009011
0.4709615250747262
0.5501457229205453
0.42243404995056766
0.5726832631497021
0.5563598278804973
0.4820702190865126
0.46197026580099454
0.4655671936669339
0.6038938054576628
0.5698846687139878
0.5464788995624232
0.5448390773465578
0.4719351443985198
0.6661622379142528
0.5854542660344435
0.6667941602518664
0.5562176326223669
0.6515069021535937
0.6092931146296912
0.5321191031607213
0.5587912620438683
0.622200500926245
0.620098316906347
0.4929176303593147
0.6995358196057768
0.7233421149676622
0.5919418526184511
0.5306012158595016
0.5608289197879467
0.6587439878851908
0.681952810985972
0.5614555572038857
0.7071649770549291
0.5332055470691722
0.6109525536632829
0.5414791922975539
0.5627693192801075
0.5328339468452372
0.5877778863944937
0.6475744250873552
0.6262946921105501
0.5366295558053766
0.7063823394846676
0.5639621068676417
0.6876692587440996
0.5079232182127151
0.587719512919151
0.5064516445020308
0.6765806376292697
0.5585962799191372
0.6798388291257471
0.5379082997339251
0.5990929368929556
0.6365069262648377
0.6252227643324523
0.6565752448695559
0.6994634068239489
0.5601546540471689
0.66497054867065
0.5377108998911723
0.6488750315004269
0.685648321808658
0.6816200599914645
0.5172203618967592
0.5944834381932484
0.7482526109058183
0.599015983354585
0.6688133821696165
0.6248109538443685
0.6211732031949248
0.7190803631323294
0.5784398789354832
0.5415459156212187
0.6895465185287216
0.8829840430386444
0.8925516545416723
0.5446426205924861
0.5752219823813081
0.6096370024575012
0.5523231709350096
0.68106001300933
0.5454926476993652
0.544737890098999
0.5119291026435757
0.8402229577785885
0.6388693477800669
0.6343810912171618
0.6370332557180048
0.5617212633124063
0.6949122649422913
0.6702410229798741
0.637343489356576
0.610094605007578
0.7219198925540629
0.5831599864228644
0.5562664358940844
0.5526121830801662
0.6338943294946633
0.7202418353203026
0.5080853794531485
0.550126701054892
0.7936249127254742
0.6409469481475317
0.6019394460900562
0.5585772853062564
0.632463363902586
0.6516306627415251
0.6357453578682768
0.6374910418663846
0.6424884268713194
0.5756674229893977
0.556176009419984
0.6039916253411657
0.5528286896701851
0.5892370868389192
0.6416837253392726
0.665853944265709
0.5554311360674309
0.7041647562289606
0.5586117040447919
0.6455416165523331
0.556562290130147
0.5799308928082538
0.5220362788516761
0.5791755399482429
0.6208956242557027
0.6077521822578571
0.5584010298659342
0.6459392747620974
0.5791613514658362
0.7025009955090247
0.6583050299134908
0.7087126524023682
0.5807638060700763
0.6090080635105442
0.5827311989241525
0.6885310662553122
0.6524124988460273
0.770526511727178
0.5607171987418801
0.5913968936280629
0.734937268056598
0.6460629943658971
0.6624899414737808
0.6791736336099908
0.6636739305213039
0.6600991805318891
0.7015492211531749
0.5321867497764832
0.6135115746927351
0.9399355111082917
0.9084135298394574
0.5661243820358627
0.6290585538345934
0.565268261667858
0.5858653535244884
0.719338833433089
0.6007634812633866
0.5780966367105453
0.5242517477749448
0.7850302214868093
0.7036990569725732
0.7363516279862667
0.6300744383104779
0.6324373541692898
0.6561285514289392
0.6614001202448475
0.6725950154877138
0.6571094729848632
0.701086636428878
0.6576423777775707
0.5799762562910491
0.5415896309975466
0.6514641537209163
0.7163431183142356
0.5750930748549021
0.5463857886599928
0.7948314500623568
0.7400570868407329
0.5743734574972245
0.5405279905287907
0.7185452742150644
0.5777079391090537
0.6674815083354784
0.6800025196035068
0.6252356624012411
0.6718614368508916
0.5752806001050093
0.5856730303936867
0.623527909362088
0.7463185288481547
0.7634506775314958
0.7625439881055469
0.8079451956373809
0.7840768394943011
0.7637229630770919
0.7642797938789848
0.7518998768182131
0.7673138258440223
0.7502223846850103
0.7669665880389201
0.7975251842523419
0.7695213391654661
0.7679365943946355
0.7687344402941283
0.7692912710960212
0.8121048031665318
0.7986686398845255
0.8025125009377805
0.8191846142269371
0.7589169803141043
0.7761889020925977
0.7736004879389802
0.7737459175111647
0.8182345863752872
0.8061993931040196
0.7735590007790931
0.7757410410965424
0.8221023084649323
0.7770869023225222
0.785457644522287
0.8263967792203217
0.821425163968696
0.8080071107895603
0.7796432644474961
0.7667422930045255
0.9222777568320383
0.9251285037022203
0.8313652719686853
0.7829985127973984
0.7835513377890702
0.7837688719452375
0.7984808228820112
0.8266436681242163
0.7854393643509163
0.7717137851991045
0.8157556175692514
0.811351599670799
0.8278173694709561
0.7915144315613268
0.8166791698513711
0.7908854400966988
0.829250331355073
0.814128725481625
0.8092495635767079
0.7990894676692392
0.8195783336095368
0.7926781647755243
0.7788489383169408
0.7924627165773706
0.7998220063446635
0.7949054879830961
0.7842531053409275
0.835794824336012
0.8360137508131412
0.798618199638969
0.7834490302615124
0.8269629219225847
0.8060411905657704
0.8324891069273687
0.8290928345430212
0.801417004034554
0.8307925091533894
0.7876379027116376
0.800826015673855
0.8027011192095971
0.7918335405585103
0.8038147808133832
0.8045586874725933
0.844943761631501
0.8056643374559366
0.8186367037881842
0.8065989348228477
0.8069588279041707
0.8078756374226231
0.7964678532015856
0.7947046893399302
0.8162014009530082
0.8099399196342054
0.8370608509193458
0.7968502740466954
0.796713687138553
0.8717059941947717
0.828884288360985
0.8641497492491299
0.8347196963370686
0.7992748357522272
0.8147632746060778
0.9702175809127643
0.9199319164678479
0.9809509086708335
0.9358472954334291
0.9788083378585428
0.8064529513352771
0.9390206415785307
0.931360562584603
0.9912726683419447
0.9905590362371475
0.9808525923012226
0.9453945841150482
0.8480947122993495
0.8254495325277986
0.8429347496677919
0.8991910694711729
0.9865157942781332
0.9951735476369297
0.8722376720917538
0.9703839577390488
0.9468453956092842
0.8125851806464703
0.8156577655280562
0.7155299449752538
0.7561816710534819
0.8170321711756094
0.967487948948227
0.8711237675294301
0.854795098713813
0.9677263786101151
0.9642056530872953
0.9317730091802462
0.8665485576389574
0.8444775767448162
0.8344404749174943
0.7206062475083516
0.7210292727194431
0.9848285140392892
0.9921438983793218
0.873901006632852
0.7227213735638089
0.8440082925391328
0.8388951213326378
0.9688390503655935
0.9808408173285292
0.9790876420081106
0.979155315278539
0.8289288567339771
0.7261055752525407
0.8736168753283425
0.9392131522893933
0.9657419471545227
0.9815842210656885
0.9363831423047725
0.8826696363406366
0.8809913912920595
0.9622375024162046
0.7935992998418296
0.7303358273634555
0.8323606020948501
0.9654323354009462
0.967191339431242
0.9487245700338064
0.9105782031209719
0.9827547343099048
0.9899189715109376
0.9494596449632143
0.9305850668729871
0.9846439523208458
0.9712268142468186
0.8556143587017703
0.8571952721415947
0.8823041052650106
0.877434447709419
0.841286418133445
0.8582709161079102
0.8999830076785296
0.8631004042331921
0.871059804603558
0.8809470135921289
0.8784616340158642
0.8904403229351302
0.8599266626223462
0.8486868046903813
0.9091439759400993
0.9549882907650167
0.8904820293709474
0.8629374478718697
0.8642637865731329
0.8485117603812349
0.8653694365564761
0.8917142425462751
0.8686894192431418
0.8505783962678086
0.8513276659458916
0.8873864550563949
0.8939572622248774
0.881469259661414
0.882338994651221
0.870634477040535
0.8898059552552915
0.8736154822866616
0.892228785811922
0.8728618002481068
0.8847405052811562
0.8738540853490884
0.8608003207532131
0.8750891234556785
0.875320286406566
0.8959416435572206
0.8623622716586067
0.9011240872278035
0.9047487418121707
0.8774063206789113
0.8623179302918605
0.8774341793566631
0.8873734258528255
0.8911758525379644
0.8841445971753082
0.9005500135629129
0.8832082752198164
0.8827734530084107
0.8830598362899693
0.8839984162859654
0.8665793732712771
0.8839014533656021
0.8851982686991015
0.9044915817030014
0.8696566101824836
0.8940920528215498
0.8877905973167796
0.8880352612150142
0.8751722264474177
0.8725642065992355
0.8693563180422798
0.8906803859086806
0.8912372167105735
0.891692820667733
0.8457094175777499
0.8917071991889878
0.9134387813816852
0.9113587474020058
0.9069096345608122
0.9123397710732922
0.8955950440186866
0.8961525044973941
0.8963276360900893
0.8968804610817608
0.9293383102717154
0.91695173933267
0.8814919302410524
0.8570408636599516
0.9167543775940807
0.9121639094664592
0.9070124892998659
0.9066995858424917
0.9022845697631783
0.9196945658345502
0.9033994907205937
0.8898377387286878
0.9292708869181237
0.9682329348434301
0.9390314633257261
0.9057256609485075
0.9062784859401791
0.9055407735296629
0.9060976586467538
0.9295183627272686
0.9117850933885122
0.8918180062925269
0.8957937949710744
0.9297913872395076
0.9268649054166669
0.91459501733468
0.927550831470014
0.9117523273054116
0.9183876030842181
0.913991239816039
0.9193222446898588
0.9151809411919697
0.9202209920858102
0.9156765107985975
0.9156819899322436
0.8994997364739223
0.916121590754392
0.938691723254516
0.9039515063968295
0.9196355876071132
0.9415027465038573
0.9289321351901109
0.9031280077381117
0.896236270557583
0.9307927023137533
0.9252146120019162
0.9245181337363694
0.9327328732304706
0.9235954146398518
0.9252038956260424
0.9256979098688995
0.9256273606486873
0.9117804857271035
0.9090848112291123
0.9272858356237023
0.9285448804374
0.9108602998215157
0.937499412538613
0.9283730633303944
0.9300499605820606
0.9140487238732541
0.9133190404819597
0.909417697383641
0.9146471542707137
0.9335563576544363
0.9341131884563293
0.9161414898279401
0.9344725605154339
0.9371164811586622
0.9372792486456561
0.9386586735149801
0.9554851615800851
0.9361694549696685
0.9198959677983326
0.9379841208562024
0.9378401103209415
0.9431897114391508
0.9572437224385346
0.9395107656722146
0.9241977601489654
0.9520662220931267
0.9444294057818132
0.9435793120885092
0.9441361428904022
0.94501864822024
0.9579299108049072
0.9511691759336416
0.9309886727669945
0.9450796168431247
0.9755721271871133
0.9811564611823842
0.9477403603155538
0.948020079771984
0.9478640424285797
0.9324073998608658
0.9613909546376099
0.9513749433150103
0.9510573102655838
0.9271237442246132
0.9651106720087188
0.9577873358783697
0.9644504553151941
0.9582500875864884
0.9543742602156138
0.9586503517603857
0.9565874302882021
0.9603430703635799
0.9574731571552354
0.9582637281489021
0.9620591284040764
0.9399739191477561
0.9405131968481442
0.9581421401711919
0.9557621418337511
0.9456080835437612
0.9437465820885085
0.9754124044229491
0.9722604397096933
0.944248626357751
0.9447796447644687
0.9647388825604406
0.9674887888861784
0.9673342708142221
0.9669810620532998
0.9669662057680125
0.9675230365699055
0.967089235024062
0.9667981364096742
0.9490954046414215
0.9501864762942156
0.9693005349907486
0.9548128977365402
0.9715006094054373
0.9719776829850488
0.9447867848204322
0.972064659949107
0.9570324442639575
0.9556282035273981
0.9069700459995237
0.9567127772385814
0.9758693529525877
0.9764268134312953
0.9583382764482669
0.9757082982831303
0.977040084874152
0.9881281913108315
0.9792955689076941
0.9868975700910552
0.9847141644132594
0.9621052580761202
0.03303,76027,112476 (0.6759397560368434)
