0.553890
0.504930
0.678278
0.306006
0.333195
0.090249
0.525454
0.399862
0.631451
0.673108
0.535323
0.243779
0.202412
0.163809
0.452233
0.441234
0.591307
0.111835
0.525450
0.480265
0.179480
0.083394
0.042229
0.048830
0.082899
0.365829
0.042035
0.229418
0.511651
0.579726
0.290006
0.256746
0.154595
0.148377
0.142298
0.038577
0.017983
0.661435
0.562459
0.142110
0.107337
0.155076
0.136649
0.635713
0.517318
0.530050
0.148467
0.101301
0.054745
0.349226
0.285406
0.573379
0.528644
0.174286
0.276549
0.594756
0.156508
0.101435
0.102460
0.444294
0.489853
0.357634
0.496633
0.489483
0.516907
0.135240
0.380046
0.071007
0.518837
0.395875
0.078927
0.088876
0.216194
0.170175
0.122936
0.130667
0.125384
0.128895
0.129671
0.158471
0.127989
0.138402
0.100449
0.101656
0.207130
0.192173
0.155823
0.120002
0.099621
0.099062
0.146836
0.128695
0.097631
0.087739
0.172843
0.149610
0.143342
0.176446
0.084678
0.103731
0.069242
0.157095
0.043500
0.090611
0.108411
0.116552
0.081194
0.077203
0.090633
0.081426
0.074676
0.153646
0.183270
0.120506
0.089908
0.084118
0.075649
0.093890
0.103686
0.115180
0.120478
0.133660
0.083964
0.115215
0.071571
0.139285
0.101013
0.088250
0.098222
0.127492
0.109725
0.088991
0.113750
0.066335
0.096277
0.100265
0.090048
0.070568
0.095267
0.102557
0.119784
0.120838
0.185039
0.157716
0.093508
0.089888
0.793123
0.679425
0.569687
0.676831
0.565739
0.653904
0.702160
0.803012
0.802775
0.789577
0.525402
0.575066
0.314027
0.718639
0.455048
0.633346
0.708246
0.756233
0.133124
0.758752
0.396822
0.721250
0.269931
0.739596
0.060801
0.612019
0.591150
0.797800
0.465048
0.906344
0.484459
0.682920
0.666065
0.832661
0.624598
0.601818
0.537937
0.716225
0.626010
0.782850
0.685085
0.754700
0.645599
0.784513
0.754398
0.711829
0.752523
0.721938
0.571838
0.664452
0.528570
0.760980
0.757562
0.491523
0.671845
0.667023
0.615302
0.302310
0.721776
0.137400
0.539973
0.367139
0.726118
0.605196
1.005863
0.682817
0.759586
0.699516
0.560703
0.474282
0.614136
0.607092
0.687578
0.748963
0.640692
0.642392
0.475725
0.442460
0.438622
0.474520
0.318512
0.304961
0.265595
0.294798
0.391806
0.383425
0.401635
0.403957
0.397820
0.385434
0.333021
0.461200
0.191307
0.446225
0.382154
0.470244
0.502271
0.458800
0.453661
0.317446
0.310819
0.355679
0.332153
0.454149
0.379719
0.392871
0.352727
0.299542
0.302953
0.361400
0.338200
0.339460
0.345780
0.329021
0.320225
0.324853
0.283928
0.536637
0.513933
0.371813
0.375143
0.426808
0.468745
0.259108
0.317024
0.261347
0.417082
0.164802
0.448776
0.391279
0.480768
0.376329
0.450283
0.391074
0.385127
0.382391
0.449821
0.426517
